 217.73276921676585972d0
  68.41478533993141298d0
 157.89541825215826520d0
 305.67497405362115616d0
 217.08667791345200726d0
 358.03365639559541480d0
 358.03365639559541480d0
  68.77926398323408819d0
  68.77926398323408819d0
 133.90764574161073597d0
 133.90764574161073597d0
 184.12301289471474774d0
 184.12301289471474774d0
 253.43490920381060505d0
 253.43490920381060505d0
 319.93386497157433724d0
 214.33069469775389848d0
  69.19124570318410860d0
 166.52096462101667384d0
 188.06737906640958613d0
 539.24970852702699633d0
 539.24970852702699633d0
 221.91570411577350797d0
 221.91570411577350797d0
 207.44294080387521718d0
 207.44294080387521718d0
 145.15517947784391595d0
 145.15517947784391595d0
  68.77926398323408819d0
  68.77926398323408819d0
